function A = GetData

A = [0.99947179861276170     
   0.99945260388091139     
   0.99943271201228900     
   0.99941209771676021     
   0.99939073478890428     
   0.99936859607504891     
   0.99934565343913029     
   0.99932187772733572     
   0.99929723873148812     
   0.99927170515112751     
   0.99924524455424513     
   0.99921782333662235     
   0.99918940667972733     
   0.99915995850711847     
   0.99912944143930416     
   0.99909781674700482     
   0.99906504430276255     
   0.99903108253084349     
   0.99899588835537079     
   0.99895941714663206     
   0.99892162266549678     
   0.99888245700587930     
   0.99884187053518281     
   0.99879981183265598     
   0.99875622762559013     
   0.99871106272328691     
   0.99866425994872110     
   0.99861576006782127     
   0.99856550171628944     
   0.99851342132387932     
   0.99845945303604788     
   0.99840352863289539     
   0.99834557744530406     
   0.99828552626818612     
   0.99822329927074527     
   0.99815881790365690     
   0.99809200080306815     
   0.99802276369131571     
   0.99795101927425800     
   0.99787667713511430     
   0.99779964362470130     
   0.99771982174795637     
   0.99763711104663011     
   0.99755140747803284     
   0.99746260328971292     
   0.99737058688994562     
   0.99727524271390466     
   0.99717645108538955     
   0.99707408807397779     
   0.99696802534746654     
   0.99685813001946955     
   0.99674426449203035     
   0.99662628629310912     
   0.99650404790880298     
   0.99637739661015112     
   0.99624617427438067     
   0.99611021720044135     
   0.99596935591867963     
   0.99582341499450033     
   0.99567221282586060     
   0.99551556143444364     
   0.99535326625035592     
   0.99518512589019170     
   0.99501093192831069     
   0.99483046866117242     
   0.99464351286457309     
   0.99444983354363103     
   0.99424919167536974     
   0.99404133994374866     
   0.99382602246699459     
   0.99360297451709190     
   0.99337192223129100     
   0.99313258231550228     
   0.99288466173944689     
   0.99262785742344306     
   0.99236185591671466     
   0.99208633306711547     
   0.99180095368217713     
   0.99150537118139304     
   0.99119922723967024     
   0.99088215142188973     
   0.99055376080853375     
   0.99021365961235441     
   0.98986143878607880     
   0.98949667562116328     
   0.98911893333763579     
   0.98872776066508694     
   0.98832269141490015     
   0.98790324404383878     
   0.98746892120914220     
   0.98701920931531606     
   0.98655357805284116     
   0.98607147992906508     
   0.98557234979158703     
   0.98505560434449124     
   0.98452064165783881     
   0.98396684067088014     
   0.98339356068951234     
   0.98280014087856704     
   0.98218589974958481     
   0.98155013464480134     
   0.98089212121815450     
   0.98021111291419671     
   0.97950634044589147     
   0.97877701127236405     
   0.97802230907777499     
   0.97724139325259407     
   0.97643339837865939     
   0.97559743371952834     
   0.97473258271774987     
   0.97383790250081814     
   0.97291242339770700     
   0.97195514846802866     
   0.97096505304601111     
   0.96994108430164916     
   0.96888216082154777     
   0.96778717221214872     
   0.96665497872821382     
   0.96548441092961923     
   0.96427426936971083     
   0.96302332431866744     
   0.96173031552552413     
   0.96039395202271238     
   0.95901291197719418     
   0.95758584259247759     
   0.95611136006602682     
   0.95458804960679911     
   0.95301446551786539     
   0.95138913134929459     
   0.94971054012670253     
   0.94797715466108501     
   0.94618740794576517     
   0.94433970364649578     
   0.94243241669094802     
   0.94046389396400698     
   0.93843245511546358     
   0.93633639348684605     
   0.93417397716426576     
   0.93194345016426461     
   0.92964303375973156     
   0.92727092795300647     
   0.92482531310330907     
   0.92230435171560377     
   0.91970619039794732     
   0.91702896199425143     
   0.91427078789922001     
   0.91142978056200075     
   0.90850404618479308     
   0.90549168762230348     
   0.90239080748750167     
   0.89919951146862265     
   0.89591591186176567     
   0.89253813132275595     
   0.88906430684116211     
   0.88549259393848456     
   0.88182117109156122     
   0.87804824438115259     
   0.87417205236448892     
   0.87019087116926308     
   0.86610301980515736     
   0.86190686568747332     
   0.85760083036582380     
   0.85318339544911936     
   0.84865310871625899     
   0.84400859040002318     
   0.83924853962966173     
   0.83437174101559075     
   0.82937707135747230     
   0.82426350645475133     
   0.81903012799649688     
   0.81367613050514365     
   0.80820082830648321     
   0.80260366249603010     
   0.79688420786971370     
   0.79104217978474245     
   0.78507744091448728     
   0.77899000785935879     
   0.77278005757394608     
   0.76644793356916008     
   0.75999415184684005     
   0.75341940652323247     
   0.74672457509700907     
   0.73991072331705532     
   0.73297910960517354     
   0.72593118898913922     
   0.71876861650223645     
   0.71149325000651031     
   0.70410715239852439     
   0.69661259315841462     
   0.68901204920549086     
   0.68130820502656642     
   0.67350395204657409     
   0.66560238721486753     
   0.65760681078486238     
   0.64952072326935517     
   0.64134782155889758     
   0.63309199419600393     
   0.62475731580364646     
   0.61634804067242610     
   0.60786859551692329     
   0.59932357141796977     
   0.59071771497388403     
   0.58205591868999973     
   0.57334321064201355     
   0.56458474345472642     
   0.55578578264355272     
   0.54695169437167535     
   0.53808793268084754     
   0.52920002625850993     
   0.52029356480806455     
   0.51137418509274213     
   0.50244755672648489     
   0.49351936778759425     
   0.48459531033253295     
   0.47568106588819270     
   0.46678229100114110     
   0.45790460292183316     
   0.44905356550052128     
   0.44023467536964589     
   0.43145334848486011     
   0.42271490709357290     
   0.41402456719603525     
   0.40538742655958854     
   0.39680845334181153     
   0.38829247537300299     
   0.37984417014278565     
   0.37146805552969969     
   0.36316848130652696     
   0.35494962144784148     
   0.34681546725997980     
   0.33876982134734446     
   0.33081629242276001     
   0.32295829096356510     
   0.31519902570929609     
   0.30754150099126060     
   0.29998851487905920     
   0.29254265812422697     
   0.28520631387667594     
   0.27798165814554743     
   0.27087066097244999     
   0.26387508828188339     
   0.25699650437093130     
   0.25023627499805223     
   0.24359557102900084     
   0.23707537259656342     
   0.23067647372986971     
   0.22439948740854002     
   0.21824485099680599     
   0.21221283201299199     
   0.20630353419032041     
   0.20051690378589243     
   0.19485273609585155     
   0.18931068213613675     
   0.18389025544984222     
   0.17859083900398529     
   0.17341169214041938     
   0.16835195754767782     
   0.16341066822267397     
   0.15858675439338321     
   0.15387905037587021     
   0.14928630134127427     
   0.14480716997061038     
   0.14044024297745891     
   0.13618403748079153     
   0.13203700721229597     
   0.12799754854460804     
   0.12406400632882277     
   0.12023467953153132     
   0.11650782666340789     
   0.11288167099304576     
   0.10935440554131216     
   0.10592419785295323     
   0.10258919454353363     
    9.9347525621039032E-002
    9.6197308582607041E-002
    9.3136652287882718E-002
    9.0163660611423266E-002
    8.7276435877405384E-002
    8.4473082080622250E-002
    8.1751707898399778E-002
    7.9110429498617310E-002
    7.6547373149493392E-002
    7.4060677637194414E-002
    7.1648496497651593E-002
