function A = GetDataSurf

A = [2.1116895621311111E-003
    2.1883859063097232E-003
    2.2678646881998453E-003
    2.3502266165804846E-003
    2.4355760279932618E-003
    2.5240210161385987E-003
    2.6156735657918541E-003
    2.7106496913901820E-003
    2.8090695804453428E-003
    2.9110577419422861E-003
    3.0167431598879953E-003
    3.1262594521798228E-003
    3.2397450349673893E-003
    3.3573432926870344E-003
    3.4792027539528023E-003
    3.6054772734929914E-003
    3.7363262203264553E-003
    3.8719146723780054E-003
    4.0124136177375203E-003
    4.1580001627726680E-003
    4.3088577473104446E-003
    4.4651763671081099E-003
    4.6271528038394774E-003
    4.7949908628278411E-003
    4.9689016187622753E-003
    5.1491036696392775E-003
    5.3358233991771297E-003
    5.5292952479555155E-003
    5.7297619935381666E-003
    5.9374750398413076E-003
    6.1526947160156888E-003
    6.3756905851147282E-003
    6.6067417628259345E-003
    6.8461372465471963E-003
    7.0941762550936803E-003
    7.3511685793249586E-003
    7.6174349439855956E-003
    7.8933073810555955E-003
    8.1791296149099375E-003
    8.4752574595887576E-003
    8.7820592284815775E-003
    9.0999161567302256E-003
    9.4292228366557162E-003
    9.7703876665142519E-003
    1.0123833312886707E-002
    1.0489997187004087E-002
    1.0869331935308951E-002
    1.1262305944548901E-002
    1.1669403861693467E-002
    1.2091127128959602E-002
    1.2527994534223458E-002
    1.2980542777087224E-002
    1.3449327050859125E-002
    1.3934921640692420E-002
    1.4437920538114865E-002
    1.4958938072163822E-002
    1.5498609557323557E-002
    1.6057591958440181E-002
    1.6636564572766101E-002
    1.7236229729259169E-002
    1.7857313505232238E-002
    1.8500566460415792E-002
    1.9166764388459913E-002
    1.9856709085861436E-002
    2.0571229138257725E-002
    2.1311180723979587E-002
    2.2077448434702246E-002
    2.2870946112974442E-002
    2.3692617706341672E-002
    2.4543438137709480E-002
    2.5424414191516469E-002
    2.6336585415203721E-002
    2.7281025035377496E-002
    2.8258840887964213E-002
    2.9271176361551333E-002
    3.0319211352993439E-002
    3.1404163234239474E-002
    3.2527287829204318E-002
    3.3689880399364394E-002
    3.4893276636603285E-002
    3.6138853661667525E-002
    3.7428031026415391E-002
    3.8762271717850856E-002
    4.0143083161731229E-002
    4.1572018223318762E-002
    4.3050676202613776E-002
    4.4580703821158113E-002
    4.6163796197233015E-002
    4.7801697805993373E-002
    4.9496203420780517E-002
    5.1249159031537261E-002
    5.3062462735911128E-002
    5.4938065598273821E-002
    5.6877972471506673E-002
    5.8884242776001537E-002
    6.0958991229904794E-002
    6.3104388524187829E-002
    6.5322661935659193E-002
    6.7616095870543111E-002
    6.9987032330733584E-002
    7.2437871294294853E-002
    7.4971071001215153E-002
    7.7589148134834474E-002
    8.0294677888755189E-002
    8.3090293908410537E-002
    8.5978688095808720E-002
    8.8962610265291453E-002
    9.2044867637446653E-002
    9.5228324157595343E-002
    9.8515899624538966E-002
   0.10191056861450051     
   0.10541535918443147     
   0.10903335133808420     
   0.11276767523747197     
   0.11662150914156109     
   0.12059807705326504     
   0.12470064605504616     
   0.12893252331268107     
   0.13329705272602133     
   0.13779761120488490     
   0.14243760454756033     
   0.14722046289879981     
   0.15214963576363366     
   0.15722858655286648     
   0.16246078663572938     
   0.16784970887487688     
   0.17339882061874529     
   0.17911157612625095     
   0.18499140839891717     
   0.19104172039579770     
   0.19726587560703335     
   0.20366718796255734     
   0.21024891105337706     
   0.21701422664402931     
   0.22396623245625616     
   0.23110792920570783     
   0.23844220687556883     
   0.24597183021345456     
   0.25369942344076579     
   0.26162745416693683     
   0.26975821650470705     
   0.27809381338670158     
   0.28663613808825472     
   0.29538685496656797     
   0.30434737943198897     
   0.31351885717343769     
   0.32290214266681561     
   0.33249777700260985     
   0.34230596507686506     
   0.35232655219822556     
   0.36255900017285203     
   0.37300236293866645     
   0.38365526183055509     
   0.39451586056882426     
   0.40558184007431453     
   0.41685037322507495     
   0.42831809968131307     
   0.43998110091738479     
   0.45183487561176811     
   0.46387431555817815     
   0.47609368227307669     
   0.48848658448669313     
   0.50104595671612395     
   0.51376403912995416     
   0.52663235892395632     
   0.53964171343656731     
   0.55278215524081076     
   0.56604297945589832     
   0.57941271352667789     
   0.59287910972215541     
   0.60642914060528030     
   0.62004899772479061     
   0.63372409377595484     
   0.64743906847029042     
   0.66117779834458257     
   0.67492341072658812     
   0.68865830205853940     
   0.70236416075981878     
   0.71602199478689776     
   0.72961216402176898     
   0.74311441758965069     
   0.75650793617280132     
   0.76977137934994921     
   0.78288293795032204     
   0.79582039136781546     
   0.80856116973478964     
   0.82108242080673499     
   0.83336108135906228     
   0.84537395284609496     
   0.85709778102056422     
   0.86850933916017836     
   0.87958551449688049     
   0.89030339739494835     
   0.90064037277689812     
   0.91057421325203558     
   0.92008317336221601     
   0.92914608432372314     
   0.93774244861387690     
   0.94585253372675004     
   0.95345746440482559     
   0.96053931264311787     
   0.96708118475966831     
   0.97306730483176063     
   0.97848309381088472     
   0.98331524365154843     
   0.98755178581938519     
   0.99118215358251494     
   0.99419723753639688     
   0.99658943386600940     
   0.99835268490952356     
   0.99948251165390423     
   0.99997603786428291     
   0.99983200562451024     
   0.99905078214499610     
   0.99763435777466236     
   0.99558633523546869     
   0.99291191017932590     
   0.98961784324716129     
   0.98571242388731350     
   0.98120542626424789     
   0.97610805765777975     
   0.97043289981668368     
   0.96419384378793105     
   0.95740601879316378     
   0.95008571576683554     
   0.94225030620529671     
   0.93391815700273462     
   0.92510854196815084     
   0.91584155072750206     
   0.90613799571688669     
   0.89601931796653111     
   0.88550749236167581     
   0.87462493304583322     
   0.86339439960482645     
   0.85183890463721224     
   0.83998162327886272     
   0.82784580520735462     
   0.81545468960621970     
   0.80283142352079784     
   0.78999898398719226     
   0.77698010426444652     
   0.76379720444821275     
   0.75047232669260566     
   0.73702707521622335     
   0.72348256121905619     
   0.70985935278968970     
   0.69617742983729802     
   0.68245614404075183     
   0.66871418376807057     
   0.65496954388361484     
   0.64123950032804644     
   0.62754058932724799     
   0.61388859106114946     
   0.60029851760173603     
   0.58678460491135154     
   0.57336030867766330     
   0.56003830375017083     
   0.54683048693477254     
   0.53374798289742387     
   0.52080115292516238     
   0.50799960629246610     
   0.49535221398285256     
   0.48286712451956482     
   0.47055178166488759     
   0.45841294375486430     
   0.44645670444471497     
   0.43468851464985836     
   0.42311320547792508     
   0.41173501195830875     
   0.40055759738745411     
   0.38958407812007362     
   0.37881704864864663     
   0.36825860682577055     
   0.35791037909606405     
   0.34777354561627893     
   0.33784886515395501     
   0.32813669966628534     
   0.31863703847177011     
   0.30934952193769077     
   0.30027346461637799     
   0.29140787777264637     
   0.28275149125362248     
   0.27430277466045599     
   0.26605995778911040     
