function A = GetDataSO

A = [0.47305653571502448     
   0.24324892463607034     
   0.16676976413507241     
   0.12862620459001115     
   0.10581911316364008     
    9.0682069881307517E-002
    7.9929482744707139E-002
    7.1918582287895189E-002
    6.5736746336630958E-002
    6.0836428087127269E-002
    5.6869213719903708E-002
    5.3602850975272967E-002
    5.0876572132716104E-002
    4.8575564237141711E-002
    4.6615651209356047E-002
    4.4933720150057289E-002
    4.3481526585177489E-002
    4.2221564621596361E-002
    4.1124241257438389E-002
    4.0165898392931082E-002
    3.9327399974730608E-002
    3.8593104458093878E-002
    3.7950105315707673E-002
    3.7387661412285056E-002
    3.6896764081849179E-002
    3.6469804102431683E-002
    3.6100312668123274E-002
    3.5782757858380691E-002
    3.5512383207920065E-002
    3.5285078552925453E-002
    3.5097275864551289E-002
    3.4945864602907446E-002
    3.4828122449958712E-002
    3.4741658254212313E-002
    3.4684364743937511E-002
    3.4654379108562498E-002
    3.4650049958737196E-002
    3.4669909489087519E-002
    3.4712649908867854E-002
    3.4777103392633422E-002
    3.4862224948936912E-002
    3.4967077719676477E-002
    3.5090820313352075E-002
    3.5232695847579001E-002
    3.5392022433880281E-002
    3.5568184884168096E-002
    3.5760627455829350E-002
    3.5968847482803830E-002
    3.6192389764918335E-002
    3.6430841608138941E-002
    3.6683828425201667E-002
    3.6951009819974061E-002
    3.7232076090432567E-002
    3.7526745094753622E-002
    3.7834759433055198E-002
    3.8155883904075524E-002
    3.8489903201760177E-002
    3.8836619821533407E-002
    3.9195852150102996E-002
    3.9567432716113099E-002
    3.9951206581915290E-002
    4.0347029859258206E-002
    4.0754768333867784E-002
    4.1174296185759914E-002
    4.1605494793742037E-002
    4.2048251613959038E-002
    4.2502459123554340E-002
    4.2968013821576667E-002
    4.3444815280189633E-002
    4.3932765240054940E-002
    4.4431766744476284E-002
    4.4941723307524779E-002
    4.5462538111929157E-002
    4.5994113233015811E-002
    4.6536348885433017E-002
    4.7089142689798240E-002
    4.7652388956773636E-002
    4.8225977986408340E-002
    4.8809795380890093E-002
    4.9403721369131105E-002
    5.0007630141871505E-002
    5.0621389196227613E-002
    5.1244858688838844E-002
    5.1877890796982511E-002
    5.2520329087229395E-002
    5.3172007891408184E-002
    5.3832751689833681E-002
    5.4502374501935028E-002
    5.5180679284594684E-002
    5.5867457338680121E-002
    5.6562487724416133E-002
    5.7265536686409213E-002
    5.7976357089294800E-002
    5.8694687865135639E-002
    5.9420253473852790E-002
    6.0152763378123107E-002
    6.0891911534324168E-002
    6.1637375901253219E-002
    6.2388817968487817E-002
    6.3145882306393300E-002
    6.3908196139914178E-002
    6.4675368948415246E-002
    6.5446992093957157E-002
    6.6222638480507856E-002
    6.7001862246695840E-002
    6.7784198494809794E-002
    6.8569163058835411E-002
    6.9356252314397626E-002
    7.0144943033539658E-002
    7.0934692287319800E-002
    7.1724937399243113E-002
    7.2515095952562322E-002
    7.3304565854483777E-002
    7.4092725460295633E-002
    7.4878933760395547E-002
    7.5662530633135175E-002
    7.6442837166312866E-002
    7.7219156050037818E-002
    7.7990772043554007E-002
    7.8756952518449497E-002
    7.9516948080488897E-002
    8.0269993272087170E-002
    8.1015307357196573E-002
    8.1752095190101709E-002
    8.2479548169310829E-002
    8.3196845277394987E-002
    8.3903154207262118E-002
    8.4597632574956824E-002
    8.5279429218656597E-002
    8.5947685583084604E-002
    8.6601537188086442E-002
    8.7240115179622130E-002
    8.7862547960906326E-002
    8.8467962900895772E-002
    8.9055488116773177E-002
    8.9624254326516065E-002
    9.0173396767070021E-002
    9.0702057173075931E-002
    9.1209385810528856E-002
    9.1694543559183994E-002
    9.2156704036970641E-002
    9.2595055759139580E-002
    9.3008804324354821E-002
    9.3397174619452489E-002
    9.3759413034136527E-002
    9.4094789676464730E-002
    9.4402600579607740E-002
    9.4682169890041024E-002
    9.4932852027064057E-002
    9.5154033803332691E-002
    9.5345136495946864E-002
    9.5505617857562716E-002
    9.5634974056991576E-002
    9.5732741538823288E-002
    9.5798498791755907E-002
    9.5831868015543040E-002
    9.5832516676775087E-002
    9.5800158944095937E-002
    9.5734556993920888E-002
    9.5635522178262461E-002
    9.5502916046884392E-002
    9.5336651216691617E-002
    9.5136692082014501E-002
    9.4903055360260349E-002
    9.4635810468272866E-002
    9.4335079725659535E-002
    9.4001038382304461E-002
    9.3633914468278873E-002
    9.3233988465377116E-002
    9.2801592800543939E-002
    9.2337111162496668E-002
    9.1840977643889904E-002
    9.1313675712396167E-002
    9.0755737015086005E-002
    9.0167740021468837E-002
    8.9550308511497256E-002
    8.8904109915729918E-002
    8.8229853515688225E-002
    8.7528288513218061E-002
    8.6800201978376554E-002
    8.6046416685997759E-002
    8.5267788851645654E-002
    8.4465205778133517E-002
    8.3639583424173936E-002
    8.2791863907017996E-002
    8.1923012951149371E-002
    8.1034017295212535E-002
    8.0125882069381774E-002
    7.9199628155314047E-002
    7.8256289540682575E-002
    7.7296910680057312E-002
    7.6322543873592191E-002
    7.5334246674598107E-002
    7.4333079336632565E-002
    7.3320102310227356E-002
    7.2296373798810640E-002
    7.1262947382766464E-002
    7.0220869719918227E-002
    6.9171178330035346E-002
    6.8114899470242032E-002
    6.7053046107472411E-002
    6.5986615993363737E-002
    6.4916589846223449E-002
    6.3843929643948083E-002
    6.2769577031021817E-002
    6.1694451841984285E-002
    6.0619450743035916E-002
    5.9545445992751703E-002
    5.8473284322202647E-002
    5.7403785934144656E-002
    5.6337743620328597E-002
    5.5275921995417664E-002
    5.4219056845469210E-002
    5.3167854588451559E-002
    5.2122991843822103E-002
    5.1085115107793046E-002
    5.0054840530554416E-002
    4.9032753791412163E-002
    4.8019410067530729E-002
    4.7015334091743514E-002
    4.6021020294710675E-002
    4.5036933026559992E-002
    4.4063506853041230E-002
    4.3101146921155631E-002
    4.2150229389188484E-002
    4.1211101916070726E-002
    4.0284084205024030E-002
    3.9369468596499702E-002
    3.8467520705503154E-002
    3.7578480098499248E-002
    3.6702561005218272E-002
    3.5839953060824069E-002
    3.4990822074063795E-002
    3.4155310817188998E-002
    3.3333539833619738E-002
    3.2525608259514290E-002
    3.1731594655603913E-002
    3.0951557845855526E-002
    3.0185537759730298E-002
    2.9433556275014268E-002
    2.8695618058404454E-002
    2.7971711401240589E-002
    2.7261809047977155E-002
    2.6565869015190445E-002
    2.5883835399112279E-002
    2.5215639169872791E-002
    2.4561198950819579E-002
    2.3920421781459218E-002
    2.3293203862738230E-002
    2.2679431283544386E-002
    2.2078980727465405E-002
    2.1491720158989695E-002
    2.0917509488473787E-002
    2.0356201215332274E-002
    1.9807641049029399E-002
    1.9271668507566272E-002
    1.8748117493264251E-002
    1.8236816845744078E-002
    1.7737590872091025E-002
    1.7250259854279661E-002
    1.6774640534007762E-002
    1.6310546575157986E-002
    1.5857789004167507E-002
    1.5416176628641734E-002
    1.4985516434597460E-002
    1.4565613962764195E-002
    1.4156273664410333E-002
    1.3757299237193687E-002
    1.3368493941563505E-002
    1.2989660898264352E-002
    1.2620603367511276E-002
    1.2261125010420579E-002
    1.1911030133291867E-002
    1.1570123915345034E-002
    1.1238212620520808E-002
    1.0915103793955350E-002
    1.0600606443739172E-002
    1.0294531208567714E-002
    9.9966905118859806E-003
    9.7068987031231468E-003
    9.4249721866043884E-003
    9.1507295387175860E-003
    8.8839916139013281E-003
    8.6245816400085020E-003
