function [A,rV,aV,v1,v2,v3,v4,w1,w2,rD,aD,d1,d2,d3,rSO,aSO,vSO1,vSO2,wSO1,wSO2,rC,Enf] = Neutron_Parameters

A = [24 
26 
27 
28 
31 
32 
35 
39 
40 
40 
45 
48 
51 
52 
54 
55 
56 
58 
60 
59 
63 
65 
69 
74 
75 
79 
80 
85 
88 
89 
90 
91 
92 
92 
93
94
94
96
98
99
100
103
106
107
114
115
116
118
120
121
122
123
124
127
128 
133
138
139
140
141
142
144
148
194
197
202
206
208
209]; 

rV = [1.170
1.172
1.162
1.170
1.196
1.197
1.196
1.194
1.188
1.206
1.200
1.185
1.180
1.190
1.186
1.183
1.186
1.192
1.193
1.203
1.200
1.203
1.217
1.220
1.215
1.223
1.219
1.224
1.220
1.218
1.218
1.216
1.220
1.222
1.215
1.215
1.222
1.222
1.218
1.226
1.220
1.230
1.228
1.232
1.232
1.214
1.222
1.225
1.225
1.230
1.225
1.230
1.225
1.233
1.226
1.235
1.235
1.230
1.232
1.232
1.230
1.226
1.226
1.237
1.237
1.246
1.242
1.244
1.248];

aV = [0.676
0.692
0.665
0.668
0.675
0.678
0.674
0.670
0.670
0.676
0.672
0.671
0.669
0.667
0.663
0.663
0.663
0.663
0.664
0.662
0.663
0.663
0.675
0.675
0.675
0.672
0.675
0.668
0.662
0.666
0.666
0.666
0.663
0.661
0.663
0.658
0.658
0.658
0.658
0.660
0.658
0.660
0.660
0.660
0.665
0.662
0.665
0.662
0.662
0.652
0.662
0.652
0.662
0.652
0.652
0.655
0.665
0.650
0.646
0.650
0.650
0.658
0.658
0.650
0.652
0.637
0.646
0.646
0.642];

v1 = [58.0
58.0
58.8
58.8
57.8
59.5
58.4
58.8
56.4
59.2
56.6
56.2
56.7
56.2
58.2
56.4
56.8
57.8
57.0
56.2
56.5
56.0
56.0
54.6
54.6
54.0
53.4
55.0
55.2
54.8
54.7
54.4
53.4
55.0
54.0
54.0
54.2
53.7
53.4
53.7
53.0
55.1
54.6
54.4
52.4
52.8
53.6
52.8
52.2
52.6
51.9
52.0
51.8
52.0
51.6
51.7
52.0
52.2
52.3
52.8
52.6
52.1
52.0
51.2
50.0
50.2
50.4
50.6
50.1];

v2 = [0.0072
0.0071
0.0071
0.0070
0.0072
0.0072
0.0072
0.0072
0.0072
0.0072
0.0072
0.0071
0.0071
0.0071
0.0071
0.0071
0.0071
0.0072
0.0073
0.0072
0.0072
0.0072
0.0071
0.0071
0.0071
0.0071
0.0071
0.0071
0.0071
0.0071
0.0071
0.0071
0.0070
0.0071
0.0070
0.0071
0.0071
0.0071
0.0071
0.0071
0.0071
0.0071
0.0071
0.0071
0.0070
0.0071
0.0070
0.0070
0.0070
0.0071
0.0070
0.0071
0.0070
0.0071
0.0071
0.0071
0.0072
0.0070
0.0070
0.0070
0.0070
0.0070
0.0070
0.0069
0.0069
0.0069
0.0069
0.0069
0.0069];

v3 = [0.000020
0.000019
0.000019
0.000019
0.000019
0.000019
0.000019
0.000019
0.000019
0.000019
0.000019
0.000019
0.000019
0.000019
0.000019
0.000018
0.000019
0.000019
0.000020
0.000019
0.000019
0.000019
0.000018
0.000018
0.000018
0.000018
0.000018
0.000017
0.000017
0.000018
0.000017
0.000017
0.000017
0.000018
0.000017
0.000018
0.000018
0.000018
0.000018
0.000018
0.000018
0.000017
0.000017
0.000017
0.000016
0.000018
0.000017
0.000017
0.000017
0.000018
0.000017
0.000018
0.000017
0.000017
0.000017
0.000017
0.000017
0.000017
0.000017
0.000017
0.000017
0.000017
0.000017
0.000015
0.000015
0.000015
0.000015
0.000015
0.000015];

v4 = ones(69,1)*7e-9;
rC = zeros(69,1);

w1 = [12.0
12.6
12.8
12.5
12.4
12.6
12.5
12.5
12.5
12.4
12.8
13.2
12.8
12.8
13.2
13.3
13.0
13.4
12.8
12.9
13.5
13.5
13.8
13.8
13.8
13.8
13.6
14.2
13.8
14.6
14.6
14.6
14.6
14.5
14.6
14.5
14.5
14.5
14.5
14.5
14.5
13.8
13.8
14.0
14.4
14.5
14.5
14.5
14.5
14.0
14.5
14.0
14.5
14.0
14.0
13.8
13.8
14.4
14.4
14.0
14.2
14.4
14.4
15.4
15.8
15.8
15.6
15.6
15.4];

w2 = [74
74
75
75
76
75
76
76
76
76
78
76
78
78
78
74
80
78
78
80
80
80
80
80
80
80
80
80
80
82
80
80
80
80
82
80
80
80
80
80
80
82
82
82
84
84
84
84
84
84
84
84
84
84
84
84
84
86
86
86
86
86
86
88
88
88
88
88
88];

rD = [1.298
1.295
1.290
1.294
1.293
1.302
1.296
1.290
1.290
1.295
1.282
1.286
1.277
1.282
1.278
1.278
1.282
1.278
1.284
1.282
1.278
1.278
1.275
1.275
1.275
1.273
1.273
1.270
1.274
1.272
1.272
1.276
1.274
1.264
1.274
1.264
1.264
1.270
1.270
1.274
1.270
1.266
1.265
1.263
1.260
1.272
1.265
1.269
1.269
1.263
1.269
1.263
1.269
1.263
1.263
1.258
1.258
1.258
1.254
1.258
1.258
1.258
1.258
1.255
1.257
1.254
1.246
1.246
1.255];

aD = [0.540
0.550
0.538
0.540
0.540
0.545
0.540
0.535
0.543
0.543
0.532
0.535
0.533
0.535
0.536
0.528
0.532
0.536
0.533
0.532
0.532
0.532
0.535
0.535
0.535
0.528
0.535
0.530
0.530
0.530
0.530
0.530
0.528
0.524
0.534
0.524
0.524
0.534
0.536
0.534
0.536
0.530
0.530
0.526
0.523
0.535
0.524
0.528
0.528
0.524
0.528
0.524
0.528
0.524
0.524
0.520
0.520
0.520
0.520
0.520
0.520
0.520
0.520
0.515
0.508
0.515
0.510
0.510
0.510];

d1 = [16.2
15.5
13.0
13.8
15.4
15.6
13.3
13.3
12.4
14.4
12.5
12.6
12.8
13.6
15.4
13.6
15.3
15.4
15.2
15.6
14.6
14.2
12.8
12.8
12.4
13.6
13.5
13.5
13.0
13.6
13.2
12.8
14.2
14.8
15.1
13.8
14.8
15.1
15.4
15.1
15.4
14.2
13.8
13.0
13.6
13.8
15.0
14.8
14.6
14.0
14.3
14.0
14.0
14.0
14.8
14.0
13.8
14.0
14.0
14.8
14.5
15.0
15.2
14.2
12.7
13.2
13.8
13.8
13.8];

d2 = [0.0214
0.0218
0.0224
0.0216
0.0214
0.0215
0.0220
0.0228
0.0220
0.0205
0.0228
0.0228
0.0228
0.0215
0.0223
0.0229
0.0211
0.0218
0.0218
0.0224
0.0219
0.0219
0.0225
0.0225
0.0225
0.0225
0.0225
0.0225
0.0225
0.0224
0.0215
0.0215
0.0220
0.0210
0.0215
0.0212
0.0208
0.0203
0.0203
0.0203
0.0200
0.0206
0.0210
0.0225
0.0225
0.0222
0.0206
0.0206
0.0206
0.0210
0.0206
0.0206
0.0206
0.0218
0.0216
0.0220
0.0220
0.0220
0.0220
0.0220
0.0206
0.0206
0.0206
0.0180
0.0180
0.0180
0.0180
0.0180
0.0180];

d3 = [12.5
13.5
11.5
11.1
11.5
11.0
13.5
13.5
12.5
13.4
12.6
13.4
13.4
11.0
10.9
11.2
10.9
10.5
10.8
12.7
11.6
11.6
11.0
11.0
11.0
10.5
10.8
12.6
13.2
14.2
14.6
13.6
12.5
12.6
13.5
12.2
11.2
10.8
10.3
10.4
10.0
10.0
10.0
12.6
11.0
12.0
12.3
13.0
13.0
13.2
13.0
13.2
13.0
13.2
12.0
13.0
13.0
14.0
14.0
14.5
13.2
12.7
12.7
12.2
13.2
12.2
14.3
13.8
13.8];

rSO = [1.00
1.00
1.00
1.00
1.00
1.00
1.00
1.01
1.01
1.01
1.01
1.01
1.00
1.01
1.00
1.00
1.00
1.00
1.00
1.00
1.00
1.00
1.03
1.03
1.03
1.03
1.03
1.04
1.05
1.05
1.05
1.05
1.05
1.05
1.05
1.05
1.05
1.05
1.05
1.05
1.05
1.06
1.06
1.06
1.06
1.07
1.06
1.07
1.07
1.07
1.07
1.07
1.07
1.07
1.07
1.08
1.08
1.08
1.08
1.08
1.08
1.08
1.08
1.10
1.10
1.10
1.08
1.08
1.08];

aSO = [0.58
0.58
0.58
0.58
0.59
0.59
0.60
0.58
0.58
0.60
0.60
0.60
0.60
0.60
0.58
0.55
0.58
0.58
0.58
0.58
0.58
0.58
0.58
0.58
0.58
0.58
0.58
0.58
0.58
0.56
0.60
0.60
0.59
0.58
0.59
0.58
0.58
0.58
0.58
0.58
0.58
0.60
0.60
0.60
0.60
0.60
0.60
0.60
0.60
0.60
0.60
0.60
0.60
0.60
0.60
0.59
0.59
0.59
0.59
0.59
0.59
0.59
0.59
0.60
0.60
0.60
0.57
0.57
0.57];

vSO1 = [6.0
6.0
6.1
6.0
6.0
6.0
6.1
6.1
6.1
6.1
6.1
6.0
6.1
6.2
6.1
6.2
6.1
6.1
6.1
6.1
6.1
6.1
6.2
6.2
6.2
6.2
6.2
6.2
6.2
6.2
6.2
6.2
6.2
6.2
6.2
6.2
6.2
6.2
6.2
6.2
6.2
6.2
6.2
6.2
6.2
6.3
6.2
6.2
6.2
6.2
6.2
6.2
6.2
6.2
6.2
6.4
6.4
6.4
6.4
6.4
6.4
6.4
6.4
6.6
6.6
6.6
6.6
6.6
6.6];

vSO2 = [0.0035
0.0035
0.0035
0.0040
0.0040
0.0040
0.0040
0.0040
0.0040
0.0040
0.0040
0.0040
0.0040
0.0040
0.0040
0.0035
0.0040
0.0040
0.0045
0.0040
0.0040
0.0040
0.0040
0.0040
0.0040
0.0040
0.0040
0.0040
0.0040
0.0040
0.0040
0.0040
0.0040
0.0040
0.0040
0.0040
0.0040
0.0040
0.0040
0.0040
0.0040
0.0040
0.0040
0.0040
0.0040
0.0040
0.0040
0.0040
0.0040
0.0040
0.0040
0.0040
0.0040
0.0040
0.0040
0.0040
0.0040
0.0040
0.0040
0.0040
0.0040
0.0040
0.0040
0.0035
0.0035
0.0035
0.0035
0.0035
0.0035];

wSO1 = [-3.1
-3.1
-3.1
-3.1
-3.1
-3.1
-3.1
-3.1
-3.1
-3.1
-3.1
-3.1
-3.1
-3.1
-3.1
-3.1
-3.1
-3.1
-3.1
-3.1
-3.1
-3.1
-3.1
-3.1
-3.1
-3.1
-3.1
-3.1
-3.1
-3.1
-3.1
-3.1
-3.1
-3.1
-3.1
-3.1
-3.1
-3.1
-3.1
-3.1
-3.1
-3.1
-3.1
-3.1
-3.1
-3.1
-3.1
-3.1
-3.1
-3.1
-3.1
-3.1
-3.1
-3.1
-3.1
-3.1
-3.1
-3.1
-3.1
-3.1
-3.1
-3.1
-3.1
-3.1
-3.1
-3.1
-3.1
-3.1
-3.1];

wSO2 = [160
160
160
160
160
160
160
160
160
160
160
160
160
160
160
160
160
160
160
160
160
160
160
160
160
160
160
160
160
160
160
160
160
160
160
160
160
160
160
160
160
160
160
160
160
160
160
160
160
160
160
160
160
160
160
160
160
160
160
160
160
160
160
160
160
160
160
160
160];

Enf = [-11.93
-8.77
-10.39
-12.83
-10.12
-11.84
-11.84
-10.44
-7.98
-12.00
-10.04
-9.88
-9.18
-9.99
-11.34
-8.75
-9.42
-10.61
-9.60
-8.97
-9.38
-8.49
-8.98
-8.35
-8.78
-9.29
-8.31
-9.57
-8.74
-9.17
-9.58
-7.91
-7.68
-10.37
-8.03
-7.34
-8.53
-7.99
-7.29
-7.86
-6.84
-8.16
-8.05
-8.41
-7.59
-7.91
-8.25
-7.91
-7.64
-8.02
-7.38
-7.72
-7.38
-7.98
-7.42
-7.94
-6.67
-6.97
-7.32
-7.62
-7.97
-6.78
-7.01
-7.01
-7.29
-6.88
-7.42
-5.65
-6.03];

end

