function [A,rV,aV,v1,v2,v3,v4,w1,w2,rD,aD,d1,d2,d3,rSO,aSO,vSO1,vSO2,wSO1,wSO2,rC,Enf] = Proton_Parameters

A = [27
28
40
54
56
58
60
62
63
64
90
120
208
209];

rV = [1.162
1.170
1.206
1.186
1.186
1.192
1.193
1.193
1.200
1.200
1.218
1.225
1.244
1.248];

aV = [0.665
0.668
0.676
0.663
0.663
0.663
0.664
0.664
0.663
0.663
0.666
0.662
0.646
0.642];

v1 = [62.4
62.6
61.6
63.0
64.2
63.8
64.2
64.0
63.2
64.8
63.3
65.5
67.2
66.8];

v2 = [0.0070
0.0071
0.0072
0.0072
0.0072
0.0073
0.0073
0.0073
0.0073
0.0073
0.0075
0.0077
0.0079
0.0079];

v3 = [0.000017
0.000018
0.000018
0.000018
0.000018
0.000017
0.000017
0.000018
0.000019
0.000018
0.000019
0.000019
0.000020
0.000019];

v4 = ones(14,1)*7e-9;

w1 = [15.2
15.0
14.0
15.2
15.4
15.4
15.2
15.4
15.5
15.2
15.6
16.0
16.6
16.6];

w2 = [75
75
76
78
80
78
78
78
80
80
80
84
88
88];

rD = [1.290
1.294
1.295
1.282
1.282
1.282
1.284
1.284
1.284
1.278
1.272
1.269
1.246
1.255];

aD = [0.510
0.510
0.535
0.545
0.555
0.550
0.560
0.555
0.550
0.565
0.585
0.605
0.615
0.615];

d1 = [14.6
14.6
15.2
15.4
16.0
15.2
16.0
16.4
16.0
16.5
18.1
19.3
19.5
19.4];

d2 = [0.0224
0.0216
0.0205
0.0223
0.0211
0.0218
0.0218
0.0216
0.0219
0.0216
0.0215
0.0206
0.0180
0.0180];

d3 = [11.5
11.1
13.4
10.9
10.9
10.5
10.8
11.2
11.6
11.2
14.6
13.0
13.8
13.8];

rSO = [1.00
1.00
1.01
1.00
1.00
1.00
1.00
1.00
1.00
1.00
1.05
1.07
1.08
1.08];

aSO = [0.58
0.58
0.60
0.58
0.58
0.58
0.58
0.58
0.58
0.58
0.60
0.60
0.57
0.57];

vSO1 = [6.0
6.0
6.1
6.1
6.1
6.1
6.1
6.1
6.1
6.1
6.2
6.2
6.6
6.6];

vSO2 = [0.0035
0.0035
0.0040
0.0040
0.0040
0.0040
0.0045
0.0040
0.0040
0.0040
0.0040
0.0040
0.0035
0.0035];

wSO1 = [-3.1
-3.1
-3.1
-3.1
-3.1
-3.1
-3.1
-3.1
-3.1
-3.1
-3.1
-3.1
-3.1
-3.1];

wSO2 = [160
160
160
160
160
160
160
160
160
160
160
160
160
160];

rC = [1.329
1.324
1.285
1.264
1.261
1.259
1.258
1.256
1.255
1.254
1.240
1.231
1.220
1.220];

Enf = [-9.93
-7.16
-4.71
-6.96
-9.42
-5.79
-7.17
-8.63
-6.92
-10.00
-6.80
-8.23
-5.90
-4.39];

end
